ID	FC	log2FC	Pvalue
Itga2	65.3186	6.029421964	0
Gsn	1.7274	0.788602195	0.000067
Clns1a	4.8651	2.282469459	0.000102
Antxr1	17.9352	4.164721928	0.000111
Thbs4	2.5317	1.340106459	0.000167
Col11a2	16.0233	4.002099396	0.000208
Cnmd	7.4467	2.896601238	0.000274
Serpina3m	1.3851	0.469990138	0.000275
Serpina3k	1.744	0.80240004	0.00031
Retn	3.1845	1.671066872	0.000342
Psap	0.5574	-0.843215092	0.00126
Col10a1	22.0286	4.461305904	0.001347
Rap1b	4.3257	2.112933614	0.001638
Adamts13	1.4492	0.535256711	0.001644
Tgfbi	1.2649	0.339023333	0.001735
Apoc1	1.1085	0.14860877	0.001767
Cd5l	0.5297	-0.916752586	0.001785
Hbb-b1	1.6562	0.727876901	0.00182
Tubb4b	0.6652	-0.588139926	0.00188
Hnrnpf	0.3957	-1.33752103	0.002361
A3	2.1583	1.109895411	0.002488
C4b	1.6588	0.730139952	0.002713
Ncam1	3.1115	1.637610246	0.003012
Pcdh18	13.5882	3.764282453	0.003027
Ang	0.0144	-6.117787378	0.003098
Lum	1.9516	0.964657388	0.003175
Postn	1.7943	0.843421123	0.003569
A29	0.6485	-0.62482152	0.003945
Dkk3	1.4099	0.49559284	0.004051
Tnc	1.3807	0.465399883	0.005041
Eif5a	2.1532	1.10648233	0.005067
Jup	15.1546	3.921683868	0.005113
Apom	1.4578	0.543792806	0.00531
Ran	2.0894	1.063088712	0.005539
Itgb1	88.138	6.461692255	0.005599
Tcp1	1.7705	0.824156844	0.005853
Hba	1.6033	0.681044399	0.006049
Ltbp1	0.6556	-0.60911224	0.006084
Hspa4	19.461	4.28251394	0.006353
Jchain	0.6097	-0.713828549	0.006501
Tkfc	7.6685	2.938944406	0.006526
Nrp1	4.151	2.053458932	0.006622
Alox12	1.3478	0.430606431	0.006651
Rplp0	0.4351	-1.200581078	0.007213
Sbsn	3.4431	1.783708083	0.008136
A46	0.2886	-1.792856795	0.008335
Pkm	1.2726	0.347779027	0.008365
Adipoq	1.6958	0.761966031	0.008739
Calm1	1.6902	0.75719397	0.010538
Azgp1	1.3711	0.455333797	0.010682
Ca2	11.3372	3.50299247	0.011384
Angptl3	0.5874	-0.767584829	0.012065
Chil3	0.0464	-4.429731384	0.012321
Nsfl1c	4.3769	2.129909423	0.01234
F12	1.9222	0.942758453	0.012607
Itih1	0.6227	-0.683390816	0.012711
Actr3	5.6546	2.499424973	0.013093
Prune1	11.9246	3.575868968	0.013291
Hsp90ab1	1.248	0.319617934	0.014236
A30	0.6358	-0.653355078	0.014253
Flna	1.2604	0.333881659	0.014285
Clec11a	0.7614	-0.393273525	0.015311
Cdc37	13.6683	3.772761913	0.015993
Mup20	1.343	0.425459305	0.016228
Camp	0.451	-1.148800661	0.016363
Angpt1	0.6675	-0.583160258	0.016472
Tfpi	2.3961	1.26068812	0.01659
Sod3	2.8289	1.500241179	0.016977
Ptms	5.7718	2.52902131	0.017042
Plod3	0.1297	-2.946749615	0.017237
Antxr2	1.6426	0.715981203	0.017483
Carm1	9.3193	3.220221594	0.018846
Mfap4	1.7114	0.775176996	0.019845
Uba1	3.7209	1.895651618	0.019855
Gspt1	5.8073	2.537867564	0.019868
Gm5629	0.3284	-1.606473968	0.019877
Glrx3	2.4919	1.317246174	0.020935
Tgm2	1.2797	0.355805639	0.021505
Myl11	0.1009	-3.30900192	0.021715
Eprs1	16.8184	4.071968558	0.022854
Tnpo3	3.9759	1.991281471	0.024588
Ctsd	1.757	0.813114191	0.024854
Ehd2	0.2404	-2.056491199	0.025575
Vdac1	3.3714	1.753347806	0.026214
Ighv1-62-3	0.5736	-0.801883071	0.02758
Cfd	1.4165	0.502330602	0.028187
Pip4k2a	4.6936	2.230694897	0.028623
Pah	0.2471	-2.016833084	0.029691
B2m	1.2981	0.376401527	0.029735
Npm1	2.5881	1.371893362	0.029852
Psmc5	1.4157	0.501515577	0.030262
C2	3.2403	1.69612739	0.030831
B4galt6	4.8868	2.288890061	0.030925
Mmp2	1.163	0.217851097	0.031078
Cdh2	2.9236	1.547745939	0.031293
Lifr	1.2502	0.322158908	0.031302
F11	0.3525	-1.504304837	0.031344
Usp47	4.6256	2.209640514	0.031559
Spon1	16.9964	4.087157297	0.032358
Nutf2	2.4939	1.318403617	0.032608
Ago2	15.6124	3.964620426	0.033291
Masp2	1.09	0.124328135	0.033748
Prpsap2	1.5766	0.65681668	0.034082
Gtpbp1	5.8164	2.540126488	0.034457
Ccl6	0.1366	-2.871970611	0.034631
A45	0.2947	-1.762681034	0.034975
Thrsp	12.0267	3.588168931	0.035108
Copg1	5.3349	2.415461229	0.03576
Slpi	0.5798	-0.786372761	0.035797
Comp	1.3688	0.452911665	0.035815
Isg15	9.8821	3.304817655	0.035864
Hyou1	0.5321	-0.910230691	0.036104
Agt	3.2177	1.686029824	0.036446
Prdx2	1.5008	0.585731733	0.037133
Apob	1.1313	0.177981556	0.038421
Fermt3	2.3771	1.249202596	0.038677
Mrc1	0.0506	-4.304718805	0.039224
Psmb5	1.3045	0.383496944	0.039278
Lbp	0.525	-0.929610672	0.039569
Ces1c	1.8746	0.906582788	0.040707
Klk1	13.2627	3.729302602	0.041283
A37	0.5368	-0.897543423	0.041436
Ptges3	4.4318	2.147892776	0.042755
Rab8b	19.2271	4.265069274	0.042892
Nat2	17.9637	4.167012629	0.043275
Eif4g1	10.8623	3.441257709	0.043874
Pzp	1.2457	0.316956668	0.044062
Psmb9	0.6096	-0.714065192	0.044449
Sephs1	6.3879	2.675341728	0.044482
C9	1.9117	0.934856141	0.044681
Ubac1	3.1344	1.648189303	0.04505
Blvrb	5.5391	2.469651584	0.046047
Slc4a1	30.9454	4.951653065	0.046349
Ddi2	1.6171	0.693408897	0.046539
Itgam	46.4976	5.539084348	0.046617
Lect2	3.4273	1.77707248	0.046818
Pycr3	26.3506	4.719763907	0.046836
Stip1	9.8029	3.293208606	0.046845
Myl1	0.1915	-2.384583703	0.047198
Pcyox1l	1.7836	0.834792105	0.04721
P4hb	1.2827	0.35918379	0.047228
Psmd1	1.6552	0.72700555	0.047281
C1s1	1.1939	0.255682003	0.047672
Serpind1	1.7104	0.774333758	0.048136
A40	0.4378	-1.19165614	0.049027
Spp1	0.2528	-1.983931631	0.049285
Pcbp2	4.5462	2.184661154	0.049708
Hmgb1	0.0875	-3.514573173	0.050412
Mif	28.4945	4.832611572	0.050494
Clec3b	2.1778	1.122871469	0.050758
Pcsk9	0.8015	-0.319225575	0.050798
Vac14	19.3688	4.275662669	0.051054
Pfn1	3.6157	1.85427498	0.051181
A52	0.1014	-3.301870443	0.053223
Lpl	1.1982	0.260868739	0.05357
Psmc1	1.7169	0.779806013	0.05601
A48	0.1416	-2.820106829	0.056557
Lgals3	0.3334	-1.584673991	0.056639
Mup3	1.4936	0.578793833	0.056865
Cgref1	1.3655	0.449429314	0.056973
Nap1l4	1.7294	0.790271594	0.057175
Rab1A	23.6511	4.563835379	0.058652
Bmp1	1.263	0.336854639	0.058714
Apoc2	3.302	1.72334012	0.058833
Tgfb1	0.6939	-0.527200328	0.058861
Bin2	4.526	2.178236585	0.059436
Kdm1b	3.6174	1.854953135	0.059445
Serpina1e	1.3483	0.431141535	0.059492
Ighm	0.7497	-0.415614693	0.059553
Anxa2	12.6685	3.663173809	0.060091
Pglyrp2	1.5864	0.665756583	0.060162
Pdgfb	0.3782	-1.402778732	0.060186
Gclm	0.5642	-0.825721429	0.060228
Sult1a1	0.0525	-4.251538767	0.060405
Eno1	0.5082	-0.976531719	0.062422
Cdh11	1.2668	0.341188772	0.063179
Klkb1	1.2612	0.334797075	0.063251
Txn	3.0512	1.609376749	0.063258
Cast	33.1974	5.05299835	0.06366
Actg1	1.191	0.252173413	0.064004
Atp10b	0.3477	-1.524085028	0.064685
Man1a1	1.6958	0.761966031	0.064943
Serpinc1	1.4244	0.510354341	0.065148
Arf6	2.3091	1.207330653	0.065655
Psmc3	0.6477	-0.626602351	0.066132
Picalm	6.8569	2.777556482	0.066502
Fn3krp	4.3118	2.108290261	0.066608
Mug1	1.3155	0.395611249	0.067195
Nudt5	3.1416	1.651499503	0.067342
Fstl1	21.1997	4.405971944	0.067942
Psmb2	1.2929	0.370610693	0.067984
Dars1	1.3608	0.444455046	0.068001
Sparc	1.7885	0.838750118	0.070006
Ccdc6	27.926	4.803537038	0.070045
Aldh16a1	6.3055	2.656610775	0.071296
Plxdc2	18.1722	4.183661184	0.071463
Plaa	40.7221	5.347740057	0.071915
Ahsa1	15.8649	3.987766523	0.072479
Pon3	0.6218	-0.685477478	0.072898
Pepd	3.2789	1.713211903	0.072914
Rab1b	2.9127	1.542357116	0.073313
Olfm3	0.3329	-1.586839224	0.073429
Cct2	1.6101	0.687150294	0.073555
A50	0.1276	-2.970299766	0.073679
Uba5	24.0666	4.588960435	0.074715
Hmcn2	5.1919	2.376262596	0.074929
Pygb	1.7272	0.788435148	0.075428
Pdia4	0.561	-0.833927324	0.075522
Hamp	0.3039	-1.71833142	0.075597
S100a1	4.3974	2.13665077	0.076221
Msln	3.5116	1.812128519	0.076395
A38	0.4882	-1.0344558	0.076699
Igkv12-41	0.5372	-0.89646879	0.076765
Islr	8.479	3.083894126	0.076766
Rad23a	1.9205	0.941481964	0.077044
Naprt	58.5846	5.872449571	0.078441
Rad23b	2.6801	1.422286832	0.079856
Pafah1b2	0.3311	-1.594661084	0.080067
Aox3	46.0425	5.524894265	0.080429
Rpl6	2.0276	1.019773069	0.080663
Hapln1	11.2093	3.486624282	0.081729
Afm	1.6968	0.762816526	0.082532
Lancl1	59.522	5.895351098	0.082942
Fam20c	54.4179	5.766009379	0.08315
Uchl3	4.4187	2.143621985	0.08353
Igfals	1.2548	0.327457434	0.083934
Cops5	1.7022	0.767400556	0.084663
Adamts2	4.2772	2.096666669	0.08555
A54	0.0397	-4.654717182	0.085718
C5	2.0981	1.069083442	0.086677
Cspg4	4.5289	2.179160684	0.086705
Pacsin2	2.4958	1.319502329	0.088278
Rnase4	0.6324	-0.661090727	0.088324
Lgals3bp	1.3197	0.400210007	0.088827
Rpl23	0.3497	-1.515810299	0.089131
Aars1	57.4838	5.84508353	0.089336
Col18a1	3.4391	1.782031066	0.090319
Sprr2b	3.8155	1.931872127	0.091587
Col12a1	16.615	4.054414388	0.092888
Adrm1	11.9278	3.576256067	0.092976
Rhoa	1.4395	0.525567789	0.093383
Adprs	23.3256	4.543842287	0.09402
Apobr	0.3722	-1.425850039	0.094043
Lrp1	1.4798	0.565402204	0.094173
Actb	1.4212	0.507109594	0.095052
Kng1	1.3646	0.448478121	0.095107
Pcbp1	0.6811	-0.554061463	0.09558
Cops3	1.6135	0.690193578	0.0961
Mbl2	1.3269	0.408059648	0.096126
Ckb	1.4812	0.566766455	0.096414
Gstm1	0.0711	-3.81400663	0.098131
Prkca	3.8324	1.938248148	0.098607
Prdx1	2.8491	1.510506259	0.100395
A42	0.3736	-1.42043364	0.102786
A55	0.0254	-5.299027693	0.103288
Myh4	0.2822	-1.825210107	0.104366
C8b	1.9722	0.979805862	0.104437
Efemp2	1.5383	0.621336886	0.105351
Prl	3.2537	1.702081237	0.106919
Serpina3c	44.7838	5.484905044	0.106965
Rhog	3.911	1.967537536	0.106992
Pam	2.5461	1.348289083	0.107887
Pde5a	69.895	6.12711735	0.108174
Krt42	6.8128	2.768247855	0.109044
Tom1l1	8.2451	3.043536991	0.110089
Eef2	3.1909	1.673963397	0.110306
Ifi27l2b	1.4535	0.539531071	0.110744
Klk1b3	0.2661	-1.909959585	0.111089
Ddb1	0.3104	-1.687799537	0.111113
Abce1	6.4656	2.692784257	0.111202
Proz	0.6979	-0.518907763	0.111774
Armc6	6.8533	2.776798842	0.112688
Capza1	1.8332	0.874364191	0.113277
A1	2.7008	1.433386809	0.115367
Pdxk	0.3533	-1.501034346	0.115679
Iars1	8.1138	3.020377741	0.116135
F13a1	1.8263	0.868923771	0.117258
Cpq	0.184	-2.442222329	0.117292
Ppp1r7	1.7343	0.794353478	0.117943
Mup2	1.2503	0.3222743	0.119416
Tardbp	3.7831	1.919568912	0.11983
Mapre2	5.3941	2.431382268	0.119912
Adamtsl2	0.1683	-2.570892918	0.119913
Rab5c	2.9206	1.546264783	0.119919
Reln	1.3441	0.426640478	0.120867
Selenop	1.4103	0.496002086	0.121323
Srm	2.4971	1.320253597	0.12159
Psme2	5.5145	2.463230083	0.123781
Syk	4.1991	2.070080146	0.123985
Pdlim1	6.2916	2.653426952	0.124055
Lipc	0.8189	-0.288240807	0.12495
Atp6v1g1	1.9314	0.949646983	0.125151
Myh9	1.303	0.381837084	0.125211
Tubal3	19.4713	4.283277304	0.125571
Ilf2	0.3405	-1.554273297	0.125735
Adsl	0.4191	-1.254633573	0.126669
Akap12	10.0394	3.327601145	0.126732
Atic	2.3897	1.256829515	0.127411
C8g	1.6576	0.729095908	0.127972
Sprr1b	30.2138	4.917135739	0.129113
App	0.4162	-1.26465113	0.129512
Prap1	2.8693	1.520698817	0.130389
C1qtnf3	0.8115	-0.301337	0.131411
Ipo9	3.6212	1.85646786	0.131972
Syncrip	0.8412	-0.249479245	0.132181
Dsp	12.0232	3.587749018	0.132217
Ptprf	1.9476	0.961697406	0.132272
Ap2m1	2.8405	1.506144903	0.1346
Leg1	0.3949	-1.340440727	0.135163
Krt75	6.1526	2.621196201	0.135423
Tbc1d17	51.6611	5.691006457	0.135637
Tsku	0.5559	-0.847102713	0.13581
Kif13a	4.0289	2.010385997	0.136019
Skp1	1.538	0.621055503	0.136241
Msn	2.069	1.048933645	0.137549
Oit3	1.4921	0.577344228	0.137689
Acp5	0.473	-1.080087911	0.138862
Col1a1	5.2759	2.39941722	0.139042
Acan	10.0646	3.331217931	0.139257
Pla1a	0.6165	-0.6978272	0.139556
Sned1	2.2863	1.193014721	0.140036
Krt17	100.6712	6.653507206	0.140446
Insl3	6.0109	2.587581019	0.141068
Psmf1	2.3404	1.226755123	0.142258
Lsp1	0.4584	-1.125321051	0.142745
S100a11	18.299	4.193692905	0.143213
Psmd4	1.8795	0.910348915	0.144285
Snca	1.5977	0.675996539	0.144363
Cse1l	2.4873	1.314580525	0.145382
Hrg	1.7991	0.847275379	0.146642
Lcp1	1.2318	0.300768033	0.146874
Krt5	1.7346	0.794603015	0.147201
Ftl1	0.6548	-0.610873773	0.147263
Pla2g7	1.5116	0.596076424	0.147867
A49	0.1331	-2.909417524	0.148729
Hspg2	0.7963	-0.328616037	0.149627
Pcyox1	1.145	0.195347598	0.150641
A23	0.7941	-0.332607399	0.151702
Gps1	2.4547	1.295546717	0.152075
S100a6	0.447	-1.161653263	0.152122
Creld2	10.4846	3.390199917	0.152708
A33	0.5834	-0.777442709	0.152976
Arpc4	1.8785	0.909581116	0.153199
Apeh	1.2115	0.276794405	0.15456
Rabggta	3.5517	1.828509727	0.154709
Chgb	3.0406	1.604356038	0.155174
F8	2.737	1.452595435	0.155855
Pgp	1.8395	0.879313676	0.156665
Sil1	2.0379	1.02708326	0.156741
Cfl1	1.2722	0.347325492	0.158313
Psmd13	2.6369	1.39884286	0.158377
Yod1	4.5993	2.201414304	0.159479
Coro1b	11.894	3.572162076	0.160724
Ywhab	1.8811	0.911576545	0.161694
Hspa5	1.2531	0.325501549	0.161885
Dera	2.5674	1.360308085	0.163131
Nid1	0.7939	-0.332970799	0.163145
Orm1	2.0846	1.059770581	0.163319
Atp6v1e1	1.9804	0.985791854	0.163765
Chga	1.3831	0.467905469	0.164464
Thbs2	0.1513	-2.724516107	0.164902
Cfh	1.1524	0.204641566	0.165111
Ces2c	1.8201	0.864017717	0.166164
Col5a1	2.1551	1.107754814	0.166811
Rpl24	3.0904	1.627793583	0.166867
Hspa8	1.1154	0.157561176	0.167153
Rap2c	3.2689	1.708805244	0.167293
Psmd6	1.473	0.55875743	0.16734
Atg3	0.0351	-4.832385159	0.167992
Usp14	3.1758	1.66712006	0.168103
Cyfip1	3.5318	1.820403648	0.168494
Crisp3	2.4285	1.280065486	0.168808
Snd1	4.7313	2.242236641	0.170009
Txndc5	0.2051	-2.285600603	0.170159
Usp5	1.2897	0.367035516	0.170161
Igfbp3	0.7168	-0.480357457	0.170229
Lcat	1.2421	0.312781328	0.170933
Fkbp15	6.6378	2.730705161	0.171131
Gpx4	7.044	2.816394909	0.171293
Dusp3	4.9076	2.295017665	0.171353
Ihh	1.5373	0.620398731	0.171449
Man2c1	13.2001	3.722476954	0.171696
A28	0.6851	-0.54561351	0.171706
Nae1	9.6058	3.263905771	0.172023
A35	0.5701	-0.810713093	0.172229
Gclc	11.3628	3.50624648	0.172483
Otub1	7.188	2.845590409	0.172595
Aldh2	0.5866	-0.769551024	0.172626
Txnl1	2.6328	1.396597932	0.172707
Gpd1l	7.4449	2.896252471	0.172747
Lap3	14.5515	3.863095972	0.173392
Chmp4b	31.2538	4.965959706	0.174614
Gstp1	0.2621	-1.931810741	0.175048
Cul1	19.1728	4.260989139	0.175073
Nif3l1	64.583	6.013082553	0.175729
Cul3	80.5775	6.33230514	0.17585
Ctps1	8.0651	3.011692422	0.175924
Parvb	1.8877	0.916629505	0.176112
Lyz2	0.6809	-0.554485162	0.176658
Lars1	14.6043	3.868321305	0.176798
Dnaja2	5.3863	2.429294586	0.176931
Rpl10a	11.3833	3.508846948	0.178118
Ckm	0.4252	-1.233786498	0.17814
Calr	0.9106	-0.135110636	0.17888
Dsc2	0.427	-1.227692025	0.179852
Atp5f1b	0.1503	-2.734083086	0.180046
Rps19	0.2198	-2.185736709	0.180221
A51	0.1259	-2.989649812	0.181351
Rnf123	2.1374	1.095856924	0.181409
Amy2a5	2.3715	1.245799868	0.182497
A21	0.8377	-0.255494421	0.183168
Oxsr1	2.9898	1.58004898	0.183189
Vps29	21.5854	4.431983923	0.183247
Nrbp1	1.7704	0.824075356	0.183835
Tfrc	0.5548	-0.849960307	0.183991
Kpna4	6.8375	2.773468928	0.184046
S100a4	1.8476	0.885652451	0.184321
Krt79	2.3884	1.256044474	0.184674
Pfkp	4.0443	2.015890018	0.184787
Colec11	0.8205	-0.285424761	0.185178
Vta1	0.2978	-1.747584341	0.18522
Fga	1.269	0.343692069	0.185932
Prps1	1.604	0.681674142	0.185969
Usp15	1.9023	0.927744783	0.186225
Qpct	1.4815	0.567058626	0.186728
Rbp4	1.5484	0.630778213	0.186925
Prg4	0.3762	-1.410428246	0.187025
Nmral1	1.8648	0.89902091	0.187124
Dcun1d1	16.9246	4.081049832	0.187708
Rab14	65.4588	6.03251525	0.187768
Apoc3	1.318	0.39835037	0.188319
Ttll12	16.4279	4.038076165	0.188825
Ubb	1.3828	0.467592509	0.189335
Dnase1	0.5992	-0.738890471	0.190697
Psmc4	1.5038	0.588612707	0.190714
C1s2	1.1101	0.150689643	0.192308
Canx	0.4807	-1.056791291	0.19255
Cxcl5	0.5664	-0.820106829	0.194316
Lman1	1.5756	0.655901322	0.194664
Eno3	1.3376	0.419646753	0.19485
Atp6ap2	0.1732	-2.529489165	0.194889
Arsg	0.6943	-0.526368923	0.195893
Eif3d	0.3796	-1.397448103	0.196041
Cacna1f	0.2542	-1.975964065	0.198729
Pdia6	2.2054	1.141040345	0.199071
Tff1	0.5691	-0.813245915	0.199165
Ipo5	1.4696	0.555423532	0.199461
Memo1	12.5686	3.651752054	0.199534
Prss2	0.664	-0.590744853	0.199918
Prkacb	0.1554	-2.685941591	0.200604
Gapdh	0.8978	-0.155533999	0.201147
Naca	2.3928	1.258699816	0.201243
Pltp	0.9216	-0.117787378	0.201384
Serpina1a	1.0559	0.078473209	0.201854
Ehd1	1.6408	0.714399397	0.202553
Iqgap1	0.6512	-0.618827395	0.203217
H4c1	3.6939	1.885144811	0.204435
Prg2	0.1841	-2.441438468	0.204585
Add3	9.9715	3.317810544	0.205201
Aldh1a1	1.4116	0.497331335	0.205335
Ywhaz	1.1742	0.231678162	0.205791
Lgals9	10.0617	3.330802175	0.206513
F13b	1.9153	0.937570384	0.207555
Hpx	1.9973	0.998051046	0.208639
NARS1	1.4408	0.526870086	0.209087
Taok3	11.6551	3.542889478	0.209391
Pon1	0.9129	-0.13147126	0.209651
Rasgrp2	0.2403	-2.057091446	0.209832
Lmna	0.2691	-1.893785704	0.210512
Prrc1	1.9528	0.9655442	0.21149
Pmm2	3.26	1.704871964	0.213195
Erp44	1.7514	0.808508617	0.213232
Snx2	9.2467	3.208938583	0.213238
Serpinf2	1.1823	0.241596155	0.213571
Igfbp1	10.1658	3.345651848	0.213861
Hpcal1	0.2585	-1.951763814	0.214516
Vat1	0.6212	-0.686870265	0.215448
Sirt5	27.1994	4.765502922	0.216987
Prdx3	1.9769	0.983239895	0.217965
Cpn2	1.1635	0.218471211	0.218105
Lims1	2.3298	1.220206113	0.219208
Anxa1	7.2432	2.856627212	0.219327
Krt1	0.6084	-0.716907942	0.220158
A36	0.563	-0.828793173	0.220557
Zyx	2.0672	1.047677975	0.22223
Minpp1	0.6199	-0.689892591	0.223119
Rpl7a	3.0563	1.611786162	0.223222
Oxt	2.5479	1.349308656	0.223755
Rac2	1.5629	0.644225472	0.223756
Niban1	1.6025	0.680324357	0.224402
Rap1gds1	0.1279	-2.966911831	0.22454
Ngf	3.5329	1.820852914	0.224546
C8a	1.5898	0.668845283	0.22534
Amy1	2.0831	1.058732098	0.225355
Psmd7	1.44	0.526068812	0.227258
Lamb1	1.4753	0.561008354	0.227571
Krt2	2.4416	1.287826867	0.228405
Ctsb	0.8046	-0.313656357	0.229542
Nucb1	1.2319	0.300885149	0.23049
G6pdx	2.4071	1.267296078	0.231095
Eif2s3x	1.5965	0.674912553	0.231124
Epb41	1.7205	0.782827892	0.231255
Uba2	0.1978	-2.337885669	0.231682
Apoc4	1.1071	0.146785541	0.231934
Prdx4	3.1907	1.673872968	0.232333
Eif3e	0.1812	-2.46434514	0.232418
Tuba3a	2.0105	1.007554336	0.232826
Serpina10	0.8279	-0.272471576	0.23294
Plek	1.4749	0.560617141	0.233072
Cops8	32.5042	5.022554242	0.23331
Adamtsl4	3.1449	1.653014144	0.233749
A2	2.2671	1.180848029	0.234496
F9	0.7835	-0.35199482	0.234663
Cdh6	2.1011	1.071144827	0.235086
Cuta	1.3966	0.481918878	0.235108
Dctn2	1.5464	0.628913543	0.235198
Apoh	1.1507	0.202511756	0.235368
Rps5	1.4831	0.568615877	0.236362
Fuca1	0.7037	-0.506967582	0.237119
Cltc	1.2292	0.297719672	0.237739
Gal	2.9511	1.561252808	0.239029
Krt73	1.3968	0.482125464	0.239046
Mug2	1.8916	0.919607047	0.239211
Ap1b1	4.7034	2.233704031	0.239719
Ppia	12.9683	3.696917466	0.24082
S100a9	0.6473	-0.627493591	0.241288
Tmod3	0.6473	-0.627493591	0.241706
Inhbe	0.2428	-2.042159673	0.242456
Myl9	2.3233	1.216175457	0.242508
A4	1.4454	0.531468799	0.242605
Pdcd10	8.6934	3.119920527	0.242737
Nsf	1.4458	0.531867996	0.242791
Galc	2.2088	1.143262793	0.24323
Eif6	4.6598	2.220268035	0.243679
Psmd2	1.176	0.23388806	0.243881
Lsm5	6.2764	2.649937299	0.244119
Ddx6	2.1277	1.089294749	0.244234
Pygl	0.3039	-1.71833142	0.245005
Prkcd	2.1542	1.107152199	0.245503
Rack1	21.4923	4.425747976	0.246128
Vwf	0.8658	-0.207894294	0.247277
Ppm1b	1.68	0.748461233	0.24745
Ngp	0.665	-0.588573754	0.248297
A32	0.603	-0.729770093	0.24887
Lypla1	6.3074	2.657045428	0.249838
Mmp8	0.7396	-0.43518287	0.250939
Loxl1	1.2348	0.304277388	0.251283
Ahcyl2	5.3166	2.410503928	0.252161
Axl	0.4905	-1.027674958	0.252547
F10	0.7584	-0.398969131	0.252988
Aldh1l1	0.3577	-1.483177977	0.25393
Csnk1a1	10.33	3.368768349	0.253977
Nampt	4.2716	2.094776557	0.25427
Sptbn1	6.1615	2.623281614	0.254905
H2ac4	1.8583	0.893983426	0.25534
Ubl4a	0.3519	-1.506762581	0.256505
Ehd3	2.4937	1.318287915	0.256816
H2-L	1.2027	0.266276823	0.260109
Dnpep	1.1986	0.261350279	0.261604
Hspa13	8.1012	3.018135625	0.263009
Kpna3	1.5994	0.677530793	0.263053
Pm20d1	1.1484	0.199625236	0.266959
Notch3	1.3044	0.383386346	0.267171
Igf1	1.1467	0.197488002	0.268494
Chst12	3.918	1.970117398	0.268758
Mapre1	12.0997	3.596899373	0.268825
Atp6v1h	26.3808	4.72141641	0.271149
A34	0.5755	-0.797112167	0.272291
Vars1	0.5734	-0.80238619	0.273103
Cnn2	3.4968	1.806035283	0.273276
Eif2s1	3.0145	1.591918729	0.274524
Capzb	2.271	1.183327706	0.275087
Olfm1	2.5148	1.330443668	0.276677
Arpc1b	3.2402	1.696082866	0.278794
Ruvbl1	3.252	1.701327257	0.279782
Crp	1.2741	0.349478515	0.280117
Lamc1	0.6643	-0.59009318	0.280599
Actn4	1.5947	0.673285045	0.280638
A31	0.6349	-0.655398717	0.280752
A6	1.2893	0.366587995	0.281502
Eif1ax	1.2831	0.359633613	0.282413
Apoa4	1.0744	0.10353121	0.283207
Clca3a1	1.9886	0.991753112	0.283371
Atp6v1b2	0.9508	-0.072786192	0.283787
Atp6v1a	1.7888	0.838992093	0.283837
Dnm2	2.2242	1.153286521	0.284321
Ipo7	0.7417	-0.431092326	0.28491
Rpl5	5.0576	2.33845294	0.285087
Krt10	1.4813	0.566863852	0.285462
Arhgap1	21.0731	4.397330655	0.285836
Pfkl	1.5321	0.615510465	0.287681
Rab2a	3.9691	1.988811911	0.288187
Cfp	0.6367	-0.651314331	0.289987
Treml1	1.4785	0.564134243	0.289996
Cyb5a	2.6403	1.400701863	0.290741
A24	0.766	-0.384583703	0.294715
Pklr	1.2687	0.343350966	0.295217
Hspd1	0.1997	-2.324093762	0.295666
Acly	1.6678	0.737946293	0.296277
Eef1d	0.8597	-0.218094789	0.29676
Ldha	2.1029	1.072380247	0.298016
Tcn2	0.8582	-0.220614194	0.29882
Crip1	2.0313	1.022403325	0.299019
Cnpy2	2.7396	1.453965265	0.299433
Rpl15	8.4598	3.080623557	0.299438
Ctps2	5.915	2.564378169	0.299875
Stat5b	6.115	2.612352499	0.300851
Ly6a	1.5106	0.595121692	0.302812
Ubqln1	0.4082	-1.292651913	0.302961
A41	0.4091	-1.289474558	0.303526
Ptx3	0.609	-0.715485867	0.304614
Iglc2	1.4254	0.511366829	0.306097
F5	0.9209	-0.118883591	0.307788
Entpd5	0.3994	-1.324093762	0.308363
Apod	1.1979	0.260507478	0.308795
Krt16	7.5579	2.91798543	0.308908
Snrpe	2.0866	1.061154063	0.309161
Plg	1.0646	0.090311471	0.30962
A47	0.2667	-1.90671027	0.309983
Dstn	0.3941	-1.343366345	0.310124
Asah1	0.5267	-0.924946635	0.311164
Inf2	5.9034	2.561546099	0.311421
Ctla2a	0.337	-1.569179503	0.311456
Tpi1	1.4991	0.584096624	0.312836
Ppa1	1.4605	0.546462358	0.315732
Eif4b	6.6243	2.727768011	0.316026
Rps3	0.373	-1.422752464	0.317659
Tpp2	1.232	0.301002256	0.3179
Igfbp7	0.3423	-1.546666803	0.318536
Bche	5.456	2.447843644	0.319099
Cdh13	0.7914	-0.33752103	0.319782
Igkv6-17	0.6185	-0.6931545	0.320245
Cdh5	1.1563	0.209515751	0.320355
Rpl4	1.65	0.722466024	0.320425
Glul	1.1178	0.16066208	0.321877
Fetub	1.2508	0.322851124	0.322423
Fcn1	0.888	-0.171368418	0.322992
Ppp2cb	2.3263	1.218037159	0.328886
Hmgb2	1.6466	0.719490131	0.331148
Ppp1ca	1.5318	0.615227944	0.33115
Serpinf1	1.2636	0.337539842	0.331736
Uchl5	3.5227	1.816681617	0.331871
Gapvd1	1.1933	0.254956787	0.332352
Rps13	0.842	-0.248107862	0.332771
Strap	3.006	1.587845009	0.333391
Eef1a1	1.169	0.22527493	0.333804
Spta1	3.7287	1.898672727	0.334616
Kif2a	3.7896	1.922045577	0.335768
Eif5	1.2848	0.361543798	0.336175
Pcsk5	0.4461	-1.164560947	0.336871
H2-D1	1.1636	0.218595202	0.337481
Itm2b	0.5976	-0.742747947	0.337887
Psme1	3.6816	1.880332889	0.341834
Actn1	1.3301	0.411534715	0.341938
Ighv1-61	0.7526	-0.410044805	0.34212
Apoa2	1.5171	0.601316184	0.34506
Pdcd6ip	11.6557	3.542963745	0.345178
Pigr	1.1069	0.146524891	0.345506
Tubb4a	4.0494	2.01770816	0.348161
Mptx1	2.88	1.526068812	0.348982
Orm2	2.0101	1.007267275	0.349376
Heph	0.676	-0.564904848	0.350159
Eif3c	0.385	-1.377069649	0.350267
Kpnb1	0.7867	-0.346114511	0.350685
Igkv2-112	1.2284	0.296780417	0.350755
Dync1i2	3.9066	1.965913544	0.351653
Epb42	1.7758	0.828469107	0.351783
Eif3f	2.9181	1.545029324	0.352691
Igkv9-120	0.8252	-0.277184274	0.353111
Etf1	3.5764	1.838508103	0.354243
Lsm2	1.3993	0.484705299	0.354422
A39	0.4733	-1.079173173	0.354468
Cpe	1.1028	0.141171172	0.355578
Mpo	0.7041	-0.506147752	0.35596
Uggt1	0.7191	-0.475735685	0.356725
Cdh1	1.2062	0.27046914	0.357639
Usp9x	2.624	1.39176772	0.358912
Oaf	0.7945	-0.331880875	0.362129
Eif3l	0.7964	-0.328434874	0.364155
Rab10	1.477	0.562669826	0.367391
A18	0.8707	-0.199752372	0.369054
Skic8	1.6103	0.687329488	0.370765
Xpo1	1.5495	0.631802755	0.371281
Igkc	0.8147	-0.295659187	0.374213
Sri	1.3594	0.442970028	0.376222
Asprv1	4.5328	2.180402507	0.377447
Rars1	3.0892	1.627233276	0.378517
Coro7	2.2637	1.178682776	0.37881
Aplp1	0.385	-1.377069649	0.379473
Napa	1.3477	0.430499386	0.380302
H2-K1	1.2108	0.27596058	0.38056
Galk1	1.4547	0.54072166	0.381255
Adgrl4	1.6336	0.708054771	0.381995
Sec23a	1.4603	0.546264783	0.382566
Pdcd6	5.9123	2.563719476	0.383451
Gng12	0.2338	-2.096653165	0.38362
Serpina11	1.2356	0.305211776	0.384027
Fgl1	0.6409	-0.641828825	0.384201
Dnajb4	2.8114	1.491288732	0.38462
Actr1a	2.887	1.529571108	0.385366
Pygm	1.205	0.269033146	0.386582
Scgb2b24	1.8753	0.907121408	0.386798
Plod1	1.2122	0.277627748	0.388427
Sec31a	4.7314	2.242267134	0.389307
Aldoa	0.1994	-2.326262685	0.38958
Pts	3.426	1.776525151	0.389941
Hsp90aa1	1.1846	0.244399991	0.390832
Dpep1	1.2717	0.346758372	0.391179
Ubash3b	1.2246	0.292310588	0.391645
Ckmt2	3.3752	1.754972993	0.391995
Prelp	0.7017	-0.511073732	0.392781
Ywhae	1.1909	0.252052275	0.393454
Psmd11	1.1914	0.252657864	0.393871
Isg20	1.4714	0.557189496	0.394069
Krt6a	1.3806	0.465295389	0.394078
Cap1	2.6028	1.380064459	0.395663
Psmb6	1.2226	0.289952472	0.395984
Cops6	1.4971	0.582170591	0.397115
C1qa	0.8582	-0.220614194	0.397786
Alox15	4.5017	2.170469917	0.398719
B4galnt1	1.4587	0.544683205	0.399007
Capza2	1.8352	0.875937296	0.399056
Arhgdia	1.84	0.879705766	0.399272
Fbn1	1.6139	0.69055119	0.399926
Cct7	1.6365	0.710613602	0.400804
Rps17	0.7562	-0.403160246	0.400909
Mep1a	1.4014	0.486868801	0.401473
Pnp	1.1569	0.210264166	0.401804
Lmcd1	3.0944	1.6296597	0.403508
Mri1	0.9688	-0.04572923	0.404037
Rpl27	0.9361	-0.095265439	0.40644
Copg2	2.9777	1.574198411	0.406675
Masp1	0.95	-0.074000581	0.4067
Gm94	1.426	0.511973982	0.407316
Rps4x	6.949	2.796805381	0.408161
Prmt1	1.3283	0.40958102	0.40835
Psmd5	0.586	-0.77102743	0.409029
Icam1	6.7504	2.754972993	0.409494
Alb	1.0627	0.087734382	0.41104
Gnb2	1.3017	0.380396992	0.413273
Ywhaq	1.2551	0.327802315	0.413924
Actbl2	3.104	1.634128558	0.414811
Bag2	1.5697	0.650488859	0.416328
Eif3i	0.4618	-1.114659922	0.417238
A53	0.0744	-3.748553568	0.417291
Eif2s2	0.2973	-1.750008632	0.418959
Hikeshi	1.8404	0.880019362	0.421373
Pdgfc	0.7797	-0.35900896	0.421414
Tpm1	0.7946	-0.331699301	0.422637
Rplp2	1.1488	0.200127654	0.422764
Eif3j1	1.7332	0.793438142	0.422897
Pcolce	0.8991	-0.15344651	0.426812
Ly6e	1.6236	0.699196245	0.431345
Tpm2	1.1176	0.160403926	0.432068
Gfpt1	0.4463	-1.163914288	0.435027
Calml3	0.5756	-0.796861503	0.435891
Xpo7	2.2298	1.156914315	0.436247
Ppp6r3	2.8788	1.525467563	0.436495
A25	0.74	-0.434402824	0.436657
Ica	1.105	0.14404637	0.439762
A7	1.177	0.23511432	0.441155
Prorsd1	2.1908	1.131457785	0.441727
C1qc	0.8988	-0.15392797	0.443347
Ogn	1.8452	0.883777198	0.444081
Psma7	0.9652	-0.051100179	0.444403
Ctse	0.7212	-0.471528698	0.445905
Copb2	5.1925	2.376429311	0.446828
A8	1.1164	0.15885403	0.446947
Gas6	0.8761	-0.190832543	0.44811
Ehd4	1.7051	0.769856352	0.448409
Serpine2	0.8524	-0.230397502	0.448789
Thbs1	0.8068	-0.309717011	0.451926
Cad	3.3068	1.725435792	0.452057
Mgat5	1.5481	0.630498666	0.452612
Lyz1	0.8707	-0.199752372	0.452962
Rpsa	0.7664	-0.383830534	0.456768
Pxdn	0.8256	-0.276485124	0.456785
Adh5	1.1352	0.182946495	0.457172
Hnrnpa3	1.182	0.241230036	0.459063
Igh-VJ558	1.1957	0.257855464	0.459602
Ces3a	1.2171	0.283447708	0.459824
Rarres2	0.7694	-0.378194265	0.459883
Ube2o	3.2375	1.694880193	0.460251
Sphk1	1.6106	0.687598239	0.461293
Serpina3n	0.7006	-0.513337107	0.46185
Angptl6	1.1121	0.153286521	0.4624
Ambp	0.8806	-0.183441251	0.462515
Stat3	0.4403	-1.183441251	0.463169
Tpm4	1.2661	0.340391357	0.464027
Olfml3	3.1617	1.660700483	0.464127
Krt14	1.2542	0.326767425	0.464833
Wdr77	1.0208	0.029700234	0.465391
Vtn	0.9149	-0.128314032	0.465909
Gmppa	1.7687	0.822689364	0.467643
Card9	0.5872	-0.768076127	0.468863
Hmcn1	1.6908	0.757706017	0.469257
Ghrl	0.4139	-1.272645846	0.469408
Inhbc	0.1671	-2.581216361	0.470073
Bpifb3	1.5861	0.665483733	0.471304
Igf2r	1.1764	0.234378689	0.471505
Rab11b	0.4625	-1.112474729	0.472427
Qsox1	1.1058	0.145090477	0.472872
Colec10	0.8741	-0.194129757	0.474728
Tuba4a	1.2282	0.296545508	0.474735
Itih4	1.0988	0.135928816	0.478321
Rplp1	1.1814	0.240497517	0.479407
Mup18	1.1331	0.18027519	0.480543
Adamdec1	0.6532	-0.614403304	0.480722
Fgg	1.1165	0.158983251	0.482369
Rapgef4	0.8544	-0.227016448	0.483025
Cct8	1.11	0.150559677	0.483337
Rps20	0.6019	-0.732404278	0.483736
Faf1	10.1539	3.343962052	0.483832
Nt5c	2.7317	1.449799053	0.483896
Ide	2.2976	1.200127654	0.486291
Tubb2a	1.2064	0.270708334	0.486657
Mcfd2	3.3103	1.726961969	0.487022
Scgb2b2	0.9732	-0.039191775	0.487049
Eif3b	0.3091	-1.693854441	0.487731
Cpb2	1.1282	0.174022842	0.489059
Cd55	0.9074	-0.140189435	0.492529
Habp2	0.8945	-0.160846613	0.493061
Ndrg2	1.2167	0.282973489	0.49314
Rps15a	1.7946	0.843662316	0.493784
Calu	0.7898	-0.340440727	0.494735
Proc	0.9149	-0.128314032	0.495796
Col6a1	1.4374	0.523461591	0.496869
Ywhah	1.0925	0.12763328	0.497175
Tpt1	0.7375	-0.439285046	0.497415
Fbln1	1.0646	0.090311471	0.499094
Igfbp5	1.2174	0.283803271	0.499303
Crisp1	1.1885	0.249141903	0.499755
Tubb5	1.139	0.187767747	0.499909
Notch2	0.9463	-0.07963047	0.50006
Psmd14	2.4232	1.276913483	0.501687
Dsg2	1.0729	0.101515615	0.50233
Rnpep	2.8438	1.507820006	0.504439
Efemp1	0.9298	-0.105007669	0.504823
Dynll1	2.376	1.248534836	0.505025
Fn1	1.041	0.057970069	0.505578
A27	0.6871	-0.541408012	0.505637
Mmp3	0.8518	-0.231413365	0.505926
Prkar2b	0.4175	-1.260151897	0.507376
Tubb1	0.8539	-0.227860969	0.507844
Snx1	6.6891	2.741812113	0.508763
Adh1	0.9126	-0.131945441	0.509543
Ccl8	0.9322	-0.101288582	0.509732
Dnajc3	4.4964	2.168770384	0.509895
Retnla	0.8658	-0.207894294	0.51013
Mmp19	3.428	1.777367109	0.511961
Rsu1	1.2764	0.352080514	0.513292
Elob	1.3525	0.435628594	0.514466
Igfbp2	1.1932	0.254835883	0.515553
Coro1c	2.068	1.048236186	0.516109
Serpina1b	0.9176	-0.124062704	0.51613
Timp2	1.2304	0.299127408	0.516406
Rpl9	1.6476	0.720366031	0.516472
Atg4b	1.3707	0.454912848	0.517585
Eif3m	1.2064	0.270708334	0.519182
Isoc1	0.828	-0.272297327	0.520426
Mapk1	9.7414	3.284129126	0.520543
F2	0.9697	-0.044389611	0.521321
Ext1	1.3275	0.408711861	0.524183
Ank1	2.2658	1.180020521	0.524863
Papln	0.893	-0.16326792	0.52507
Fhl1	0.7978	-0.325900971	0.528323
Iglc3	1.1488	0.200127654	0.533728
Tnpo1	2.8689	1.520497682	0.534059
Dpysl2	0.7532	-0.408895095	0.534837
Gpx3	0.9311	-0.102991974	0.535141
Fgb	1.1325	0.17951105	0.535638
Psmc6	0.7281	-0.457791486	0.53621
Cct3	0.6062	-0.722134243	0.536719
Aspn	1.1134	0.154971988	0.537167
Ndrg1	0.0966	-3.371833001	0.537173
Coro1a	1.1056	0.144829521	0.53861
Stk4	1.4418	0.527871054	0.539494
Mmrn1	0.8986	-0.154249033	0.540511
Sgta	2.787	1.478713002	0.540972
Gpd1	1.6823	0.750435	0.54139
Psmc2	1.0865	0.119688175	0.541438
C1ra	1.0645	0.09017595	0.54172
Bid	3.2453	1.698351849	0.542756
Crip2	0.4515	-1.147202107	0.542796
Cela2a	3.237	1.694657366	0.542989
C1qtnf9	0.3706	-1.432065214	0.544724
Prpsap1	0.5525	-0.85595363	0.548122
Lgals1	0.9212	-0.118413684	0.55025
Kctd1	1.1317	0.178491568	0.554658
Sirt2	1.5504	0.632640476	0.558423
Serping1	0.9196	-0.120921629	0.558765
Mthfd1	1.149	0.200378798	0.559057
Notch1	1.1204	0.164013889	0.559208
Vcp	1.1711	0.227864273	0.55971
Itgb2	0.8598	-0.217926985	0.560165
Atp6v1d	1.4642	0.55011263	0.560863
Lancl2	1.9935	0.995303605	0.560937
Gltpd2	1.0449	0.063364879	0.564077
Banf1	0.9205	-0.119510373	0.566512
Fth1	0.9636	-0.053493701	0.567164
Hspb6	1.4355	0.521553331	0.567975
Nploc4	0.8865	-0.173807464	0.569781
Sec23b	0.2832	-1.820106829	0.571084
Tfr2	1.1664	0.222062625	0.572942
H1-1	0.4269	-1.228029932	0.573295
Ppic	1.0974	0.134089481	0.574007
Cct4	0.841	-0.249822294	0.575323
Cxcl12	0.9705	-0.043199882	0.575594
Bpnt2	1.9087	0.932590365	0.576547
Scg2	0.6183	-0.693621089	0.578648
Nedd4	3.9276	1.973648008	0.579853
Saa2	0.803	-0.316528107	0.580981
Napsa	1.0791	0.109828565	0.581486
Htra1	0.6839	-0.548142706	0.581834
Pros1	0.9603	-0.058442917	0.582491
Eef1g	1.1214	0.165300975	0.582582
Ppp1cb	3.7701	1.914602791	0.584661
Carhsp1	1.2011	0.264356271	0.584834
Atg7	0.544	-0.878321443	0.591016
Ces2e	1.1774	0.235604533	0.591026
Hnrnph1	1.5504	0.632640476	0.593212
Itih2	0.8772	-0.189022283	0.596892
A11	1.0092	0.013212111	0.597897
Myl6	0.7853	-0.348684198	0.598642
Ap1m1	1.0489	0.068877141	0.599036
Itga2b	0.8307	-0.26760054	0.599935
H2-Q10	1.0382	0.054084393	0.601423
Ppp2ca	0.2762	-1.856214775	0.601504
Aldh7a1	0.5106	-0.969734557	0.60244
F7	0.9134	-0.130681305	0.604102
Ighg1	0.8957	-0.158912489	0.607716
Nt5c3a	1.4485	0.534559685	0.608605
Tsn	1.26	0.333423734	0.609636
Eif3a	12.2389	3.613401993	0.610095
Pip	1.4788	0.564426949	0.611313
Rps10	1.9204	0.941406841	0.611888
Cand1	0.8537	-0.228198916	0.615287
H2bc7	1.2091	0.273933569	0.61618
Cops2	0.6005	-0.735763849	0.616205
Paox	0.8424	-0.247422659	0.617394
Sbp	1.5005	0.585443319	0.620111
Scg3	1.2346	0.304043696	0.620835
Apoe	0.9811	-0.027527902	0.62194
Myl12b	0.8409	-0.24999385	0.623259
Pla2g4a	0.3825	-1.386468347	0.623299
Cavin1	0.5331	-0.907521913	0.625845
Gdf2	2.0206	1.014783753	0.626262
Adh7	4.0075	2.00270252	0.626272
Ighv3-6	0.8166	-0.292298527	0.627724
Dnajb11	2.7155	1.441217863	0.629445
Mgat1	0.9613	-0.056941361	0.629737
Rpl3	1.0469	0.066123642	0.630498
Cdc42	1.2942	0.372060582	0.631355
Ubr4	1.459	0.544979883	0.632979
Clic1	1.4441	0.530170648	0.634241
Psmb8	1.0807	0.11196609	0.637051
Vcl	0.8605	-0.216752903	0.637109
A16	0.8885	-0.170556319	0.639345
Tuba1b	1.1219	0.165944088	0.639784
Clu	0.9614	-0.056791291	0.641982
Myo1c	0.948	-0.077041036	0.642909
A43	0.3249	-1.621932351	0.648396
Prkag1	0.0467	-4.42043364	0.648647
Psmd3	0.8893	-0.169257909	0.648953
Sec63	1.394	0.479230561	0.650298
Gstz1	1.1997	0.262673687	0.651651
Pef1	1.0848	0.117429084	0.652661
Gm10881	1.1623	0.216982489	0.654115
Eif4a1	0.7348	-0.444576468	0.654128
Gstt1	2.2119	1.145286163	0.655584
Rps6ka1	0.8014	-0.319405585	0.656317
Lrriq4	1.6885	0.755742179	0.656624
Ywhag	0.9293	-0.105783687	0.660663
Rpl14	1.8511	0.888382834	0.664621
A13	0.9703	-0.043497222	0.664888
Scgb2b20	0.9542	-0.067636409	0.665477
Ap2a2	0.1	-3.321928095	0.665608
Cat	0.8824	-0.180495304	0.66615
Gba1	1.0833	0.115432826	0.666965
Apoa1	1.0433	0.061154063	0.668341
Cfb	0.905	-0.144010303	0.670011
Psma2	1.0473	0.066674763	0.670399
Sdf4	2.7521	1.460532893	0.671191
Ctsa	0.5431	-0.880710232	0.671545
Cpn1	1.0399	0.056444801	0.671608
Klk1b4	1.1825	0.241840184	0.672291
Rps9	0.3598	-1.474732908	0.673462
Igkv7-33	1.0463	0.065296567	0.674243
Ecm1	1.0317	0.045023522	0.67491
Btf3	1.1251	0.170053235	0.675743
Ptbp1	0.2747	-1.864071184	0.676502
Uap1l1	1.0929	0.128161401	0.676684
Psmb10	0.9369	-0.094033025	0.677285
Arf5	0.6969	-0.52097644	0.677416
Rps6	0.7823	-0.35420613	0.677696
Csnk2a1	1.6674	0.73760024	0.677758
Arcn1	1.5066	0.591296434	0.678535
Itgb3	0.8055	-0.312043506	0.679596
Mbl1	0.9483	-0.076584559	0.68011
Emilin1	0.9454	-0.08100323	0.685637
Arrb1	1.4735	0.55924706	0.686267
Angptl8	1.1512	0.203138497	0.686542
Mvp	0.7936	-0.333516069	0.686682
Lsm4	0.7257	-0.462554825	0.686788
Saa1	0.6612	-0.59684137	0.687282
Vim	1.0386	0.054640131	0.687454
Crlf3	0.721	-0.471928835	0.689123
St13	1.3393	0.421479157	0.689536
Pls1	0.1796	-2.477140745	0.690381
Kctd12	0.9465	-0.079325589	0.690645
Rps3a	2.2492	1.169411952	0.69075
Cops4	1.0724	0.100843124	0.690988
Capn2	0.9352	-0.096653165	0.692927
Ahsg	1.0556	0.078063256	0.694211
Asah2	0.565	-0.823677227	0.694299
Mup4	1.218	0.284514133	0.695315
H1-2	0.3025	-1.724992953	0.695509
Prkcsh	0.9668	-0.048710622	0.696936
Hace1	0.8932	-0.162944844	0.697178
Arhgap10	0.7609	-0.394221232	0.698726
Klk1b16	2.0954	1.067225673	0.699146
Snx15	1.0991	0.136322654	0.699524
A15	0.9455	-0.080850637	0.700207
Cct5	1.6756	0.744677789	0.704816
Cp	0.9693	-0.044984844	0.707175
A9	1.0816	0.113167057	0.707258
C4bpa	0.9515	-0.071724438	0.708734
Mrc2	0.9935	-0.009408127	0.709437
Hp	0.9177	-0.123905487	0.709501
Ppm1f	2.2242	1.153286521	0.711522
Notum	0.9056	-0.143054137	0.711804
Dpt	0.8412	-0.249479245	0.712614
Aldh9a1	1.1251	0.170053235	0.712997
Egfr	1.1724	0.229464873	0.713031
Pcmt1	2.4847	1.313071673	0.713435
Hsp90b1	0.8433	-0.24588214	0.714216
Lama1	0.5465	-0.871706599	0.714798
Cct6a	1.1981	0.260748328	0.715282
Cbr2	0.7665	-0.383642303	0.719088
Rpl12	0.4127	-1.276834657	0.719658
Cndp2	1.1866	0.246833688	0.72001
Stat1	1.6075	0.684818738	0.720137
Phgdh	1.2691	0.343805752	0.720807
Hgfac	1.069	0.096261853	0.721017
Grn	0.9498	-0.074304339	0.721673
Nrp2	2.0234	1.01678155	0.721778
Psmd8	2.2647	1.179319952	0.721895
Rpl23a	1.4944	0.57956636	0.72388
Rnase2b	1.3966	0.481918878	0.727511
Fap	1.0406	0.057415612	0.730598
A17	0.8763	-0.190503236	0.730705
Spp2	1.0504	0.070938821	0.732196
Ppp2r1a	1.043	0.060739158	0.732589
Pura	2.6111	1.384657711	0.733053
Prcp	0.8519	-0.231244005	0.734181
Efhd2	1.2914	0.368935932	0.742468
Tollip	0.4785	-1.06340917	0.742469
Cdh17	0.8873	-0.172506126	0.747004
A26	0.7201	-0.473730828	0.751782
Rps14	0.7973	-0.326805426	0.752819
A10	1.062	0.086783766	0.756309
Acta2	1.0313	0.044464067	0.756731
Dbnl	0.5226	-0.93622097	0.756763
Copb1	0.5725	-0.804652402	0.756992
Ybx1	1.1327	0.179765808	0.758477
Flii	2.2685	1.18173866	0.759003
Lpo	1.4388	0.524866065	0.761754
Hspb1	1.1611	0.21549223	0.762291
Sfn	1.0341	0.048375705	0.762429
Mpp1	1.3321	0.413702389	0.764841
Hnrnpk	0.9668	-0.048710622	0.764986
Gk	1.6983	0.764091329	0.764988
Fasn	1.0881	0.121811151	0.765517
Gpx1	0.9725	-0.040229845	0.766051
Khsrp	0.4696	-1.090495686	0.767384
Psmb4	0.9573	-0.062956986	0.770341
Ca6	2.1225	1.085764554	0.773702
Apcs	1.7189	0.781485616	0.77564
Psmb7	1.1313	0.177981556	0.778821
Cd248	1.0928	0.128029389	0.781697
Nqo2	0.9673	-0.047964696	0.78201
Mfng	1.0095	0.013640911	0.783541
A22	0.8181	-0.289650894	0.788038
Nap1l1	1.0409	0.057831475	0.789948
Rps16	0.9751	-0.036377915	0.792676
Ttr	1.0173	0.02474519	0.793389
Saa4	1.064	0.089498151	0.799349
Psma1	1.0003	0.000432744	0.799544
Dazap1	1.9209	0.941782416	0.801652
Pf4	0.8559	-0.224485847	0.801732
Psapl1	1.0487	0.068602027	0.804725
Alad	3.9648	1.987248093	0.805859
Klk1b26	2.7841	1.477211031	0.806204
Rpl31	1.08	0.111031312	0.811243
Rps24	1.2605	0.333996118	0.813355
C1qtnf5	0.9536	-0.068543859	0.814474
Rps7	0.8068	-0.309717011	0.815724
Prmt5	0.9352	-0.096653165	0.821877
Il1rap	1.061	0.085424656	0.823725
Vps26a	0.2816	-1.828280761	0.8239
Uso1	0.6551	-0.610212946	0.824047
Cfi	0.969	-0.045431429	0.82471
Wdr1	0.8702	-0.200581078	0.825773
Ddx39b	1.0095	0.013640911	0.832441
Ybx3	0.7812	-0.356236146	0.834723
Eps15	1.6707	0.740452698	0.835294
G3bp1	1.8063	0.853037523	0.836975
H2-Q8	0.8931	-0.163106373	0.837053
Mup17	1.088	0.121678557	0.838051
A44	0.3247	-1.62282071	0.83849
Cryab	0.9463	-0.07963047	0.83849
Dctn1	1.6648	0.73534887	0.839705
Cd109	0.6984	-0.517874536	0.840507
Ogfr	0.6175	-0.695488958	0.844397
Serpina1d	1.009	0.012926174	0.845346
Uba3	0.4856	-1.042159673	0.84789
Rpl17	1.4422	0.528271247	0.84983
Cops7b	1.5485	0.630871383	0.85055
Capn1	0.9571	-0.063258426	0.851308
Capns1	1.0243	0.034638318	0.853225
Rpl18	1.5505	0.632733526	0.853396
Bpifa2	1.0942	0.129876461	0.854493
Pla2g12b	0.8702	-0.200581078	0.856278
Rps12	1.3148	0.394843362	0.857797
Psma3	1.0411	0.058108649	0.858629
Gpx5	1.0014	0.002018361	0.859324
Cavin2	1.1126	0.153935011	0.862431
Xpnpep1	0.722	-0.469929258	0.862555
Cops7a	1.027	0.038436182	0.863679
Gkn2	1.1244	0.169155359	0.865981
Svep1	1.0263	0.03745251	0.868162
A12	0.9907	-0.013479843	0.870969
Gbp7	0.6448	-0.633076351	0.871043
Atp6ap1	0.8839	-0.178044935	0.872241
Pabpc1	0.8743	-0.193799696	0.875308
St3gal6	3.0541	1.610747301	0.877794
Psma5	1.028	0.039840265	0.878603
Arf3	1.1182	0.16117825	0.879546
Ostf1	0.6397	-0.644532612	0.880556
Rhobtb3	1.5296	0.613154428	0.880578
Cela1	0.9119	-0.133052469	0.880626
Man2b1	1.0388	0.054917919	0.882145
Rps18	1.0056	0.008056555	0.885692
Clec10a	0.5961	-0.746373722	0.886968
Tnnc2	0.712	-0.490050854	0.890279
Cul5	1.745	0.803227036	0.8914
Glo1	0.7851	-0.34905167	0.892441
Mup1	0.9172	-0.12469174	0.892499
Impdh2	0.8482	-0.237523612	0.893083
Apoa5	1.0268	0.038155201	0.893929
S100a8	1.1352	0.182946495	0.8948
Vcam1	1.0105	0.015069322	0.895697
Fbln5	1.0262	0.037311931	0.895698
Retnlg	0.9311	-0.102991974	0.896311
Ilk	1.0003	0.000432744	0.898496
Pdia3	1.5414	0.624241296	0.898596
Stk24	0.9271	-0.109203134	0.899199
Obp1a	1.4598	0.545770726	0.901143
Kif5b	0.7889	-0.342085657	0.901334
Tuba8	1.3589	0.442439294	0.90173
Tns1	1.0455	0.064193062	0.904327
Rpl30	1.1019	0.139993302	0.906816
Eif3k	1.1661	0.221691514	0.906902
Dync1h1	2.1823	1.125849442	0.907436
Eef1b	1.0539	0.075737982	0.907657
Rpl32	1.165	0.220329955	0.908296
A14	0.9514	-0.07187607	0.909138
Tf	0.9889	-0.016103455	0.909209
Gpld1	1.0022	0.003170443	0.91024
Sh3gl1	0.9083	-0.138759215	0.912629
Dhrs11	1.2677	0.342213373	0.919242
Mst1	1.6344	0.708761109	0.921246
Diaph1	1.0247	0.035201596	0.921991
Atp2a1	1.8319	0.873340752	0.922091
Tln1	1.0044	0.006333934	0.925869
Sparcl1	1.0238	0.033933911	0.926188
Ltbp4	0.9928	-0.010424979	0.927549
St3gal1	0.9349	-0.097116037	0.927718
Dnajb2	1.2512	0.323312418	0.928283
Csrp1	0.8421	-0.24793653	0.928946
Sms	1.3598	0.443394475	0.92969
Rpl13	1.3181	0.398459827	0.931741
Fbln2	1.0393	0.055612157	0.932558
Vps35	0.9713	-0.042011133	0.933313
Myh11	2.2074	1.142348082	0.933642
Tor3a	0.9596	-0.059494937	0.934939
A20	0.8422	-0.247765219	0.937315
A19	0.8672	-0.205563338	0.938613
Npepps	0.5803	-0.785129166	0.938814
H2-K1	1.0403	0.05699963	0.940657
Sptan1	1.9306	0.949049284	0.941151
Golga1	0.9888	-0.016249352	0.941476
Ppp2r1b	1.1615	0.215989154	0.942601
Psme3	1.3518	0.434881719	0.942949
Ak1	0.8827	-0.180004897	0.943387
Ganab	1.0052	0.007482576	0.94447
C3	0.9831	-0.024589921	0.944969
Try5	0.3122	-1.679457558	0.945978
Gc	0.9942	-0.008391992	0.946226
Rab7a	0.9264	-0.110292842	0.947245
Npl	0.6547	-0.611094116	0.94865
Rac1	0.9985	-0.002165667	0.949562
Celsr3	0.964	-0.052894948	0.953824
Psma4	1.0152	0.021763974	0.954021
A5	1.3335	0.415217825	0.954206
Mylk	0.1066	-3.229720657	0.95652
Dnm1l	0.7817	-0.355313057	0.958631
Atp5f1a	2.0816	1.057692867	0.958899
Psmd12	1.2342	0.3035762	0.960094
Psmb3	1.0166	0.023752136	0.962635
Bhmt	1.2203	0.287235865	0.963911
Get3	0.9339	-0.098660017	0.964502
Psmb1	1.0025	0.003602237	0.965423
Pcsk1n	1.6217	0.697506959	0.965753
Asl	1.0307	0.043624477	0.968354
Creg1	1.168	0.224040274	0.969221
Adgre5	0.9999	-0.000144277	0.972327
Itih3	1	0	0.974754
Lama2	0.5342	-0.904548119	0.975077
Hexa	0.4918	-1.02385636	0.975526
Ighg2b	0.9881	-0.017271039	0.976482
Pfkm	1.1299	0.176195095	0.977075
Igfbp6	1.0187	0.02672925	0.978054
Tpp1	2.1996	1.137241192	0.978232
Apof	0.9587	-0.060848663	0.978693
Timp3	0.9355	-0.096190441	0.979271
Rmnd5a	1.0405	0.057276965	0.981055
Ppp6c	1.321	0.401630467	0.98183
Tpm3	2.0112	1.008056555	0.983576
Gda	4.0062	2.002234446	0.983931
Tubb3	0.8478	-0.238204128	0.985493
Rela	0.9282	-0.107492397	0.987549
Rps26	0.7622	-0.391758487	0.988315
Selenof	1.294	0.371837617	0.989059
Paics	1.1461	0.196732928	0.989564
Pcdh12	1.1171	0.159758338	0.99058
Hagh	0.988	-0.017417053	0.990588
Rps8	0.2805	-1.833927324	0.990992
Psma6	0.9803	-0.028704772	0.991323
Rpl7	1.188	0.248534836	0.993199
Copa	1.1162	0.158595552	0.994259
Gstt3	0.9895	-0.015228388	0.994844
C1qb	1.0965	0.132905812	0.995218
