tissue	detected_number	detected_ratio	different_number	different_ratio	percent
Spinal cord	1131	0.59936407	278	0.774373259	0.245800177
Beige fat	1419	0.751987281	329	0.91643454	0.231853418
Thymus	1578	0.836248013	359	1	0.227503169
Eye	1372	0.727080021	276	0.768802228	0.201166181
Cerebellum	1466	0.776894542	255	0.710306407	0.173942701
Heart	1524	0.807631161	254	0.707520891	0.166666667
BAT	1424	0.75463699	227	0.632311978	0.159410112
Bladder	1556	0.824589295	242	0.674094708	0.155526992
Colon	1388	0.735559089	199	0.554317549	0.143371758
Testis	1371	0.726550079	172	0.479108635	0.125455872
Skin	1393	0.738208797	171	0.47632312	0.12275664
Muscle	1312	0.695283519	157	0.437325905	0.119664634
Liver	1691	0.896131426	192	0.534818942	0.113542283
Pancrea	852	0.451510334	93	0.259052925	0.10915493
WAT	1451	0.768945416	155	0.431754875	0.106822881
Kidney	1887	1	190	0.529247911	0.100688924
Brain	1211	0.641759406	115	0.320334262	0.094962841
Lung	1514	0.802331744	139	0.38718663	0.091809775
Spleen	1731	0.917329094	155	0.431754875	0.089543616
Small intestine	1553	0.82299947	135	0.376044568	0.086928525
Bone	1048	0.555378908	73	0.203342618	0.069656489
