tissue	detected_number	detected_ratio	different_number	different_ratio	percent
Thymus	8219	0.976592205	2790	1	0.339457355
Bladder	6554	0.778754753	2277	0.816129032	0.347421422
Beige_fat	6565	0.780061787	1732	0.62078853	0.263823305
WAT	6051	0.718987643	1649	0.591039427	0.272516939
Spinal_cord	6843	0.813094106	1506	0.539784946	0.220078913
colon	7839	0.931440114	1430	0.512544803	0.182421227
Eye	3236	0.384505703	979	0.350896057	0.302533993
Bone	6283	0.746554183	951	0.340860215	0.151360815
Skin	4717	0.560480038	869	0.311469534	0.184227263
Spleen	7525	0.894130228	834	0.298924731	0.110830565
Small_intestine	7672	0.911596958	708	0.253763441	0.092283629
Liver	6600	0.784220532	687	0.246236559	0.104090909
Cerebellum	7422	0.881891635	671	0.240501792	0.090406898
BAT	5034	0.598146388	643	0.23046595	0.127731426
Testis	8416	1	516	0.184946237	0.061311787
Kidney	5141	0.610860266	507	0.18172043	0.098618946
Muscle	3410	0.405180608	469	0.168100358	0.137536657
Lung	6249	0.742514259	374	0.134050179	0.059849576
Brain	6449	0.766278517	369	0.132258065	0.057218173
Pancrea	5049	0.599928707	278	0.099641577	0.055060408
Heart	4962	0.589591255	278	0.099641577	0.056025796
